0.8789964720440562
0.8581965875502566
0.10109997508667701
0.7268662504130065
0.44478952473484645
0.05240663627405151
0.3696411953730424
0.35570322517944575
0.5544695730408611
0.5814917927601678
0.5122186306501075
0.014870967502456978
0.5006109212204299
0.6128104882846758
0.3645715458122911
0.233642646450005
0.9724932155924062
0.6722869932979505
0.9010736200893765
0.859417816019349
0.4954298109691546
0.39194470870506604
0.8482961778273026
0.14117645017644842
0.2732916202128962
0.7731301986078445
0.6145627131581388
0.9300183975504244
0.06377319881707755
0.7085004907292167
0.8237335454195177
0.1524585086340715
0.9473939146159963
0.30760414553806337
0.4260290709911627
0.09203041005201795
0.23892189969559352
0.7788939184300743
0.6995209209338207
0.3008845593044571
0.33385346312411246
0.23526735894138096
0.45299069371148826
0.15544939052171403
0.9827768619291601
0.8107385905573159
0.3941755550315993
0.16885687998152976
0.34289368437604983
0.9026034450131214
0.9369913709437058
0.17771659861535272
0.1686671405275223
0.18646682433468031
0.6871432169874465
0.43195566489231274
0.6725113149559669
0.2907598343628097
0.4676044663166262
0.43382405797129
0.9116312399172224
0.6628814478772912
0.02376507572639175
0.09579823966622902
0.03856848262318846
0.21085761277354242
0.4826207515546166
0.4169984313801962
0.39070272971860553
0.7624186289527861
0.23119434767983504
0.41386774845038976
0.1879047330303092
0.24765293393901677
0.12645168829609577
0.4832446348035866
0.5577315922427849
0.7819037114537905
0.8522939177462315
0.7245920859262616
0.7140004406643785
0.5023323152339508
0.7987791571716287
0.003030635411371718
0.3772723170734843
0.09458069357006227
0.05454609866437787
0.6959547298768984
0.9447225616340829
0.43522193082822447
0.9754830695330152
0.13339449510381296
0.49207032806809525
0.6711970880598502
0.3210058468440594
0.7159185525339337
0.4216843304010679
0.35919309144176303
0.13387813703729445
0.5737552313480421
